$ANSIBLE_VAULT;1.1;AES256
33623364333835363434393234643134306362383361336135643836386637373863643662353239
3132333763346337353433636339616330386233373639640a376137383363626263346536643066
62353136646333353734343438316137343031623630393539613731633238393865313564346236
3737303566373962380a376663333538666566323938346135616662626264366464333063333037
65383139363231363835336530303331306536323431393233333962313834333632663332643435
66383763666236353531313136663533343731386365363065396639613865333466366536643839
66303731633061396361653466643136353435643964616461646335373062636432386662616562
30656639396439326638313833393862316463396137333937323365386437323333363736333761
64383566613131646635306666666433656665613462336132353836323032663836366132303461
36353330326338333331373534343733613237643639313961363834626439313535666439343630
37393939323933616334626234393135333332656434623936386338356334616235653735633861
36316337623131666639633434373732306131666433373361626165356330663433303135623432
34623635636161666236363261363363306134653931333132653661313232613365633532333561
66353630393233326134616333373131636539306464393832306336326364376163313439633765
31376232666466623366353863663865363863656137383433353634643935323438653666326664
32336163356561336434623137333061626432396265633034663366623865356564623433396138
61333365626331383930353232326537656564383136633362306538356663613238356334653862
62323331363263303135643635396437663363393965363737356237393465303834363737326236
32613665643339356437333433653865353264366638376639363339626634343030376137326533
35326636616461656439623032323461366231306434396632363966343261663235336532323861
30346530386363656162643136386262366665343466346238376161653938326664303663353132
66383030333436326332363964373132326661383030326161343533373232396465343766313665
66633735393936623537386563656439316361363662613737383436303532393032363133333139
61383839633938656134313161396636313537633136383737643966376434393730303165623039
32316333656161643539613263366231646631326634373736316634323335643434653064396530
66336431623439353837616637373039313930336266316162643765633034666263383931303962
39396162353762646134343431343530343562663635633338376535343638303634616633646638
66346663333534643464373363383633643463386563353433383266306636616436323265333432
64326666666332333563346632313132636639626661393361393965323838653330393161366561
64373639643264333130633966653161626233333535363463353432653664633731306530653762
35303938646261616632383335666466323932623763376564363131353366633363326638386264
65383532343661393932346265323863333231383631343466646362643532363064653266313335
62313438643039646131363364643531633333313764393766333563353133633737613261336564
33613237363930393064386564613566623164653064373339646461316563313731633138633862
38663866643666373437636264626531383164333136343831396564616130306162313232386139
65373435623433333463336262393964323634393331343461336530363562646561393532633932
35303235373734376261656661633734636661343465646533343136343638653262663236646638
63303531306232643062303738663335386138396663386435323539316361343032356562303237
35643033363761383630386636616137636133356163396435666661303465663363393731373230
64393232333634626464386639656566353532663639333632303639666339383630666265376536
65323738653239306661643838633130623331666261323131326233356239356266613336326436
37333461323132386264633335666631393832383031376336346236396431636162613130376139
38363130393564383864653265313536613434383665316132663161663733376338396138346662
37663236313739386430633333393664316138303430656338613832653532356632343061326462
39663538653634666232363166623761613833643037663261393364356539366463623230633935
33313264653566356133623730373163663230636334626438333339623733383663346366303430
39653065643630353837613338383366366534383134653466396164613230373736323238326464
37643663623864623461343061363662386634313065626463653262363663613233376639363038
38623039646366316632666436303635323262636663343631313030306165393065346432303930
63306436373839666637303036666133376436646432656436396139353463333630303830386138
30303565616265326436666266303161366635366662633635346334313730393137636563363433
65633363636439343237343839336161353263663134313031663064653765663937643234613864
39623263303932653939313733613866613738353566303437376537326462646465613762356137
30616266366638623238386666653538346338616536313266383033626561393062623764336533
34633634353836353637643534613737313865353534346238616364636235393935366463383730
38343965303263633437303333646166616565653638303761636163366438306231346332383466
34393063323233663830383038343039616636326138636336336461326265363036343061616230
66616664656138353036343938363563383261356330333065393962663164353837386331383836
65393762383731616637313837616638383363306266376262636365636662393334663264343933
66393436613336353732313739343031633065656230343731303765383836383637626539636638
34316561313835666235383737303536353863313062396633636531303136363434613163343930
34393365373964616234663664306538356162353464386564383730373735386565306430633362
39356234663933636532313265336632333837366639356632396432646333653061333162616465
33386561326134373638653234333036343966353338376338633131396661633532306465316439
34356331616563613733656332623230613265323233616166616338306466373765646132653039
61323139616665623461303363343563653735343132346563656638316564343361343462396336
33363066633765316465326561663764333333333065373266386538366662613530383964323762
63363839373232346635396365653239643337323064646630623663383438373039356536396239
30363537376534393638633465653633376238366339363437306536626538316134333665646132
63626530653262303637323364323637623533323137336163633030346363643265376639663738
63363466353534323731343863626164343766366134303235303932313430356662666138316134
37643234613633343431383536646131396635386466333638366130633063366638623232366139
65386132623836356434366230656461383964393333653038323162383530666263336566623238
30343734626431366661383566613735663530383362303335333966343435313033383438343533
62366461326166616232626666653037313665386464656162323764653438663838636435376138
32393833306462323633333037356663303861323462386338623666383563303135343831393063
34643563313137636134643066383938373466343539383336666562633866346261313039663063
62333361643866333233353934396665636466356231363165613237343966333036653964643335
65666262323163393565333264376364633735376131666439653563366661663735336532306661
39383566393635353563333835336461666231343530333463316363383064303334333165666465
35643865353033313164343138636463373731626132343534333532353763316535333265656339
33383666633463656431623266663635633533363739383531346464356536333062326666613462
39643664383837623964333938643436663862333937663063353131303631633666353432616138
62646532343536323134333761336638313331666136373939626133363736393439623938343365
37333433616331376139323636623738393639636635656365656263396161336339356635626535
63326437386364326532386465636234663830346362386331623530386333626366663439363966
36383630633463393031323233313262316639353038656436346537373736376237373833613239
31653630363262343437373439376333316466393565353731626166633865363132333361643033
65333739376533303365326630393937373130626537363965623835636336643461333166363737
64383635633066336464643934613533363362333038643133366461316635626136633764393931
33303165373032366134333433306532626435623166616633376262363434663735366432646665
31363266386162343631653637633032666635336364373537636464356332643335316334636362
35303233376332343030396335303461633863323336653432613439303066363633633061313834
65393061353437663531383531346632643164626438383364363937303336656661363231636362
33343063386531333565346432303239363530386462366565656263633034663230363836323563
37333062353538356466346536346436653861313934363932313837623430356565623535356562
65666165313765643834373564616465346430356261653630613364393161343237346465646634
36373761386232616339306331656334633765613565383362373830316538336663346236633565
36616635646165646431393230373836366365613633373666656166396462653030313931396661
65626663353632656138366162333334356537636338336163366138346662623762663830333139
63636533323963653037393865623564623037323932396635303966646531393466653734353832
63653930366531336636383636353166373661346431363431393436353737353136323933353565
32363463633438306264613865356335333135633266333434663461636130393830323661656361
36626638616530663166306532363166393863653831373061336164383262343838623330373831
65346432346164366264333834323865356436313735393139316163633563653234376334343635
63373431346233353138346137653965653831386130633439376532613030613262663961386234
31336466633032633566666138333232663136653361316661373636326531323431303630376132
61396134633631653033343932343433323935356630373738386534383061616530623033633562
33323637643738666631313033393930626335656432346630396365356133316139656362616465
62636634323034303233386138313835363961666633633230356532623439356466363132323339
36366361366664336530316432353137653136343036336161333965396363393638333734666133
35623336313761656663343235333464643663333139346433353966313539623561326338626535
32643836363637383635346466393864396230366530303530343761613030353162323766333533
35666463333062356139326334393064343730376634666164333339386233366432396465643333
36303965383131383362386362653634346632393132343235363564653134396262386365333930
64653830373030643366366138356465346461643830626566326363323638363539656163666262
34383133386464623162356336383630636433363730333264613037346338626365616132623533
64343561313333396431396637373761376634376533656134383939663061393131666261346561
38343638333738343534613631623430353233376565303736323563626664373838333439636164
62346362396132353365663065353261616133343933356437393863643061663061656533633831
64343035303830303937663632383162653261326562303232363434396162663535343862303937
62306339646138343936376363613239316332613630363130333033383236376363323336636136
64323762373835316261336335373432346239323332306166613764616564663862656539386337
37326661333163623762663933393639396264323663336134306335623339666163316230316664
66316438623463636537313935346135373566653931353936613737383364313866663963363336
61366634353064316236666562383466626462346130333135653531613163363436323163323231
39333033666161646138646662363461653731646361323931616433353064366665363366353066
62333934363162393561656664393330386464303564373030626532386661373864646261303338
36353366323766343531633564626265383565396335656135303533323966333735313363353637
33343735646461653861616338643137303934366561663933396364343934363934363562626564
64376366353934346639616535326562313435353735623233333137346563306631646166346338
61616237363731633862623465383263653734663337313038643238303134653732653561326234
61353563353861306633373339353032643637313065633838366333333165323435663264383466
32313137373937306161653761666336383538653061663735383766356639623230633237373234
35393062393338333463616561623666613133333939633363323062363935356538343135663930
35376136616163386466626264613666306361613534303238633938396565323833663136386531
31636438636632323766396461303736303438326465653132363334313735333735643637656437
31633963306230656335346335353936663263656535386661366163356138353739396464363765
64323735343338313363333161653334363961373766633437356264636432336666323062393736
66313061336138666338306539336135663465613132393166653639363933366635643139313932
39306330653139646532316134353135313963666137336466336636643539383562633934303138
37613565306263376331326134646562633930336463386332353362373131373461313436653535
39346433313562333633393038626434643066353864373866373337333838303862303936636335
35613166643739613437386435393566643064656233363837623463633262633761323631373232
35303631386138393666383465303133363965393662343266646331383130333937653337326530
39613562643735306433643635633631663361323233653165363030356361663832623666633465
61386639663236333837656232643333646334366436376630363633626439363962386135653936
31343935643562343136353339386564653163393862656261386539386431663632663761653833
30656332363639663165653465343330323530316664633437626230613630643262376137386339
66343562333062653264336134316530363164653063646239323231356538653533666532316461
62666436333738373561313030376361383463323163343937323233663663373738663831663836
38343935323238393363353462313638636263373738303161626131316434323938623066626331
32666462323439663234313834653036333936616633653731646366383763663863616161616132
37663966353562646539333631373133343232313336666134346564626130373534356232616263
38616132343536336434326162363330613761626565623565663965623032623235343364326538
32626236383936323364653063386439623361346264383062306330623034333831373935383262
65666137613565376639663532333530646534653039373733303234646331613337613163343764
36336264316332663335353065333936666131346264306237383636393439356462363338656133
66373361343539343734386433386439323532343237383164363864663831333333323265356562
63313735353164383061313132343365373138383131356138336663303162333361393466303237
39386131663565653237383439386463346463336566303039343934626639303934653963393031
65376661316338306335313835363738303733303936653434353531356633636630306339306161
63336235323436346331643635393836616138336633656361616363373032643636353664373535
65353031383838656435326131623233663937366565333331646337356661363937333437326430
37623362376263643632663166656538663935353939343462316635343863326530383339313338
3338623366636531633263336632343837306630383466646434
